-372.0290770063293	-38.99672499811277	0
-371.71330161212245	-38.99672499438748	0
-371.3799953000853	-38.9967249953188	0
-371.05137820425443	-38.996587665285915	0
-370.72381396515993	-39.00378600182012	0
-370.3948506845045	-39.077291400171816	0
-370.11958022241015	-39.217489154078066	0
-369.7616977223661	-39.44370451569557	0
-369.4636249091127	-39.64301863498986	0
-369.12503142486094	-39.870424187742174	0
-368.79293246375164	-40.093328388407826	0
-368.49244876165176	-40.29504958167672	0
-368.1248578564846	-40.54182616295293	0
-367.7577495104051	-40.78827086184174	0
-367.42384524591034	-41.01241865893826	0
-367.1567382347421	-41.191728505305946	0
-366.82287879113574	-41.41583815636113	0
-366.52239317959175	-41.617540274281055	0
-366.25529379892396	-41.79683485487476	0
-365.98819728015224	-41.9761256291531	0
-365.7210998070077	-42.15541258873418	0
-365.4540023349109	-42.33470717491582	0
-365.1869048613589	-42.513997942674905	0
-364.91980738803977	-42.69328871695325	0
-364.6193227303447	-42.89499083161354	0
-364.3522252581897	-43.07428160915151	0
-364.0999164111563	-43.24343291297555	0
-363.81809802207863	-43.43245116248727	0
-363.5504283445771	-43.61209288658574	0
-363.2919597160653	-43.78555479645729	0
-362.9908484952175	-43.98764219973236	0
-362.72005267377244	-44.16907683433965	0
-362.3841094506788	-44.07137480378151	0
-362.08401294006035	-43.95681181875989	0
-361.79400820907904	-43.84610930364579	0
-361.4942988893599	-43.73171416018158	0
-361.0754146114341	-43.57182493945584	0
-360.7767962956568	-43.45783034525812	0
-360.47654719412094	-43.34322539297864	0
-360.10030169569654	-43.19960966845974	0
-359.79985995515017	-43.08493224065751	0
-359.49938578752335	-42.970239551737905	0
-359.19880099396687	-42.8555010878481	0
-358.8606738575618	-42.72644224669784	0
-358.5601386555936	-42.6117304880172	0
-358.2595862887101	-42.49701491044834	0
-357.9214629677008	-42.36795988725498	0
-357.5833434605156	-42.23890486685559	0
-357.20765299972845	-42.095510395243764	0
-356.83427996741375	-41.953004750888795	0
-356.4796752471593	-41.807187950238585	0
-356.20937724231044	-41.671899707987905	0
-355.8960322866333	-41.49429503455758	0
-355.61328120337566	-41.334497364237905	0
-355.298723175074	-41.1568469107151	0
-354.9840545198531	-40.97906294558197	0
-354.66868586698547	-40.800893696025014	0
-354.3535937810084	-40.62286940542981	0
-354.0385455629439	-40.44487944524735	0
-353.7234286799212	-40.266858969815075	0
-353.40832514996873	-40.088846121914685	0
-353.1282386308885	-39.930612477473915	0
-352.8481463920907	-39.772378833498806	0
-352.53304476861376	-39.594365985598415	0
-352.18293185479706	-39.396573934238404	0
-351.9028415209614	-39.2383402925916	0
-351.5877398989978	-39.06032744375989	0
-351.23762698238716	-38.8625353933312	0
-350.9575366519857	-38.70430174795911	0
-350.57241244538454	-38.4867304880172	0
-350.29232211213093	-38.3284968463704	0
-350.012231781031	-38.170263207517564	0
-349.7321414495236	-38.01202956167981	0
-349.45205111568794	-37.853795919101685	0
-349.1369494924438	-37.67578307073563	0
-348.85685916192597	-37.51754942862317	0
-348.5767688289052	-37.359315786045045	0
-348.19164462346816	-37.14174452936277	0
-347.9115561976214	-36.983510883990675	0
-347.6314658660558	-36.825277243275195	0
-347.35137553414097	-36.66704359743744	0
-346.93124003586126	-36.42969313263893	0
-346.65114970476134	-36.27145949192345	0
-346.3010367889656	-36.07366743916646	0
-346.02094645571196	-35.91543379612267	0
-345.7058448342141	-35.73742095101625	0
-345.4257545020082	-35.57918730471283	0
-345.1456641695113	-35.42095366306603	0
-344.8305625465	-35.242940817028284	0
-344.55047221278073	-35.08470717491582	0
-344.27038188127335	-34.92647353140637	0
-343.9552802587277	-34.74846068257466	0
-343.675189925998	-34.59022703953087	0
-343.3950995930354	-34.431993399746716	0
-343.1150092621101	-34.27375975437462	0
-342.8349189286819	-34.11552611133084	0
-342.51981730706757	-33.93751326529309	0
-342.2397269748035	-33.779279621783644	0
-341.95963664224837	-33.6210459806025	0
-341.64453501900425	-33.44303313083947	0
-341.3294333940721	-33.265020282473415	0
-341.0493430637289	-33.106786641292274	0
-340.6673507220112	-32.890813739504665	0
-340.3410453333054	-32.692670735064894	0
-340.07127375825075	-32.49649611255154	0
-339.8019141697441	-32.24917403049767	0
-339.5929069056874	-31.999290382955223	0
-339.42065043596085	-31.725162419956177	0
-339.2893027793034	-31.430473242420703	0
-339.20069880678784	-31.11383810872212	0
-339.1362647548667	-30.762983232736588	0
-339.07914347789483	-30.442489537410438	0
-339.0223350059823	-30.126104270108044	0
-338.9657401581644	-29.810333165805787	0
-338.90893168514594	-29.493450079578906	0
-338.8522643579636	-29.177749544847757	0
-338.79508586012525	-28.833305273670703	0
-338.7585601347964	-28.46144476858899	0
-338.7608031774871	-28.130872638896108	0
-338.8017806536518	-27.806396398227662	0
-338.9088744648616	-27.42369261570275	0
-339.03003306657774	-27.143726263195276	0
-339.18624110287055	-26.81399527657777	0
-339.32379527261946	-26.521314532496035	0
-339.4772758030449	-26.194915682077408	0
-339.61414714035345	-25.903877170290798	0
-339.8001327047241	-25.507369908038527	0
-339.93361277639633	-25.197223574854434	0
-340.04257197509287	-24.900401982478797	0
-340.12519068829715	-24.572605045046657	0
-340.21449656726327	-24.21825400320813	0
-340.2883567358949	-23.925212771166116	0
-340.38866038573906	-23.527229220140725	0
-340.4672812965582	-23.215301427524537	0
-340.5454864031635	-22.90499869128689	0
-340.6340331562096	-22.553682240191847	0
-340.7127189176972	-22.241462621372193	0
-340.80112071166513	-21.890695484355092	0
-340.8797416231246	-21.578769598156214	0
-340.9583663488156	-21.266784582287073	0
-341.0369758149027	-20.954843434505165	0
-341.1155890960363	-20.642908008769155	0
-341.194202376937	-20.330961142666638	0
-341.29246897948906	-19.94102278491482	0
-341.38090892112814	-19.59008589759469	0
-341.45952220034087	-19.27813521353528	0
-341.5381354817655	-18.96618452621624	0
-341.61674876342295	-18.65423384681344	0
-341.715015366266	-18.264295492786914	0
-341.79362864635186	-17.952344809658825	0
-341.8722419287078	-17.640394123271108	0
-341.97050852916436	-17.250455769710243	0
-342.0589484703378	-16.899511250667274	0
-342.14738841197686	-16.548566729296	0
-342.2456550147617	-16.158628379460424	0
-342.3340529932757	-15.807927997317165	0
-342.41813273506705	-15.465299519244581	0
-342.48757166968426	-15.095303446985781	0
-342.5163840778987	-14.761097820475698	0
-342.5187720780377	-14.44528189720586	0
-342.51930995238945	-14.11994830146432	0
-342.52040095458506	-13.797823817934841	0
-342.52150340296794	-13.436925802379847	0
-342.52246470638784	-13.078226003795862	0
-342.5138701926335	-12.73359385272488	0
-342.4801291965996	-12.400529774371535	0
-342.4124526527594	-12.0770882666111	0
-342.2896308430354	-11.719880972523242	0
-342.1538466953207	-11.382345109712332	0
-342.0338859105832	-11.081649695057422	0
-341.9001693257014	-10.746561917476356	0
-341.75113292003516	-10.373161231167614	0
-341.6318015595316	-10.074169072322547	0
-341.51390834053745	-9.779900462832302	0
-341.37586589105194	-9.465650469996035	0
-341.1980857393937	-9.140004072804004	0
-340.98050303728087	-8.836173924151808	0
-340.77629466174403	-8.590077312663198	0
-340.54296107339906	-8.308735760394484	0
-340.3381423493265	-8.061460407916456	0
-340.1076278233086	-7.7832726570777595	0
-339.87652201909805	-7.50435248343274	0
-339.6712607880472	-7.25662699714303	0
-339.44039912341395	-6.978012950625271	0
-339.214107466687	-6.703597459942102	0
-339.00249858159805	-6.425923261325806	0
-338.7903670806554	-6.1319736572913826	0
-338.5533027185593	-5.805029784794897	0
-338.31776042160345	-5.480097208637744	0
-338.0816764360643	-5.154446515254676	0
-337.8692092439742	-4.861355218570679	0
-337.6568336021737	-4.568386469967663	0
-337.4444159990526	-4.275367173366249	0
-337.2319983985508	-3.982340724673122	0
-336.99598307843553	-3.65677013900131	0
-336.7835692910012	-3.3637525173835456	0
-336.5711555018206	-3.0707344142720103	0
-336.33514018246206	-2.7451595389284194	0
-336.1463279257878	-2.484699877910316	0
-335.9339141381788	-2.191682493314147	0
-335.7451018829015	-1.9312224695459008	0
-335.5326880957582	-1.638205201830715	0
-335.3202743070433	-1.345187577418983	0
-335.06065745599335	-0.98705527279526	0
-334.84824366722023	-0.6940379473380744	0
-334.6594314122922	-0.43357801577076316	0
-334.4706191566074	-0.1731182625517249	0
-334.2818068988854	0.08734205644577742	0
-334.0457915807492	0.41291701700538397	0
-333.8097762592952	0.7384918001480401	0
-333.59736247261753	1.0315092466771603	0
-333.3849486838444	1.3245263984426856	0
-333.19613642815966	1.5849865339696407	0
-333.00732417294057	1.845446432940662	0
-332.8185119178961	2.1059063370339572	0
-332.6060981284827	2.3989234836772084	0
-332.3936843419797	2.6919408701360226	0
-332.2048720862367	2.952400531154126	0
-332.01605983026093	3.2128606708720326	0
-331.82724757451797	3.473320808727294	0
-331.63843531691236	3.733780710026622	0
-331.44962306151865	3.9942408497445285	0
-331.260810806707	4.254700749646872	0
-331.0719985499163	4.515160644426942	0
-330.85958476242376	4.808178034611046	0
-330.6707725057495	5.068637458141893	0
-330.48196025082143	5.329097357578576	0
-330.29314799577696	5.589557737112045	0
-330.1043357392191	5.85001763375476	0
-329.8683204182307	6.175592510495335	0
-329.6559066302725	6.4686094229109585	0
-329.41989131149603	6.794184771832079	0
-329.1838759907987	7.119759646244347	0
-328.97146220417926	7.412777035031468	0
-328.7826499469229	7.67323693074286	0
-328.5466346273315	7.998811807483435	0
-328.3106193076237	8.32438668468967	0
-328.09820552001474	8.617404069751501	0
-327.90939326403895	8.877863969188184	0
-327.696979476721	9.17088136030361	0
-327.5081672203378	9.431341257411987	0
-327.3193549642456	9.691801159176975	0
-327.10694117681123	9.984818544238806	0
-326.8473243244807	10.342950909398496	0
-326.65851207025116	10.60341080557555	0
-326.44609828072134	10.896428194828331	0
-326.25728602608433	11.156888098455966	0
-326.0212707048631	11.482462967280298	0
-325.8088569183601	11.775480356067419	0
-325.59644313069293	12.068497744388878	0
-325.4076308736694	12.328957644291222	0
-325.2188186191488	12.589417544193566	0
-324.9592017670511	12.947549905627966	0
-324.7467879789765	13.240567293483764	0
-324.5343741918332	13.533584682736546	0
-324.32196040364215	13.82660206919536	0
-324.109546616266	14.119619455654174	0
-323.9207343594753	14.38007935974747	0
-323.6611175080179	14.73821171745658	0
-323.47230525146006	14.998671619221568	0
-323.21268839907134	15.356803977862	0
-322.9530715480796	15.714936340693384	0
-322.764259291871	15.97539624106139	0
-322.5754470357788	16.23586282134056	0
-322.3866347813746	16.49633034830913	0
-322.17422099382384	16.789356318302453	0
-321.96180720516713	17.08238228596747	0
-321.772994949657	17.342849818058312	0
-321.5841826921096	17.603317349217832	0
-321.39537043712335	17.86378487944603	0
-321.1829566498636	18.156810846179724	0
-320.9941443944699	18.41727837594226	0
-320.78173060534755	18.710304350592196	0
-320.57247538742376	18.99969682050869	0
-320.4009131929488	19.252264108508825	0
-320.20102305553155	19.607677546329796	0
-320.0636596226832	19.946100322995335	0
-319.98455805995036	20.241214839275926	0
-319.9410590674379	20.555704205296934	0
-319.93427272088593	20.925579155329615	0
-319.92760844301665	21.288789835292846	0
-319.91953272913815	21.729599088430405	0
-319.91208644153085	22.135253994725645	0
-319.90275569143705	22.5256195939146	0
-319.87709422345506	22.86424263799563	0
-319.8219413292245	23.192457284778357	0
-319.7177505043219	23.544256298802793	0
-319.56473918183474	23.90334900934249	0
-319.4161986839026	24.237922756467015	0
-319.2861976166605	24.53215989097953	0
-319.156467392575	24.82554253609851	0
-319.0100211648387	25.156740275211632	0
-318.8636130830855	25.487869347445667	0
-318.7341804037569	25.78042420465499	0
-318.5991668245406	26.10060318838805	0
-318.46950907883	26.489114846102893	0
-318.4034728539409	26.787738888524473	0
-318.34450144920265	27.105621425434947	0
-318.2694015035522	27.503116695676	0
-318.2024764547823	27.85762604745105	0
-318.1428031469695	28.173708048649132	0
-318.08306498726597	28.490070429630578	0
-318.00847239623545	28.885150994174182	0
-317.9487838278874	29.20123680960387	0
-317.85177989135263	29.714946833904833	0
-317.78462596208556	30.070568170864135	0
-317.71001048147446	30.46571358991787	0
-317.6317557829316	30.88014039164409	0
-317.5681952961022	31.218381972517818	0
-317.51193995703943	31.516471948008984	0
-317.4490737456945	31.84963425807655	0
-317.3930396566284	32.14659699378535	0
-317.3169326330535	32.54990586172789	0
-317.2572898413637	32.86601075157523	0
-317.17559046990937	33.29899033578113	0
-317.10837168747094	33.65522965602577	0
-317.0487098225276	33.971380322705954	0
-316.9890899192542	34.28735169488937	0
-316.9070510392776	34.72205933649093	0
-316.84738536033547	35.03818711172789	0
-316.77281184348976	35.433328713756055	0
-316.7131461641984	35.74946030601859	0
-316.65348429844016	36.06559571484104	0
-316.563991500705	36.53978928597644	0
-316.5043296345975	36.85592087684199	0
-316.43721003603423	37.211568920407444	0
-316.3626327046077	37.60673341015354	0
-316.3029708395479	37.922864999156445	0
-316.24330897582695	38.23899659141898	0
-316.18364710902097	38.55512818414718	0
-316.1090697789332	38.95029267761856	0
-316.04195018071914	39.30594071559608	0
-315.9823073881562	39.62207230878994	0
-315.91522212221753	39.9777203486301	0
-315.8406829365995	40.372884835116565	0
-315.7735976713593	40.72853287681937	0
-315.7065124041401	41.08418091479689	0
-315.6468810575316	41.40031250892207	0
-315.58724971004995	41.71644410351291	0
-315.5201644442859	42.07209214475006	0
-315.4613265522639	42.3841000450775	0
-315.4023208148428	42.6984234736301	0
-315.4667586812866	42.3571301382035	0
-315.52729029837064	42.03619584068656	0
-315.5852508072858	41.728815166279674	0
-315.6528625031933	41.36796006234363	0
-315.7027892609476	41.063592995516956	0
-315.7342223653686	40.72976502450183	0
-315.72872920311056	40.36128434352577	0
-315.6823043356417	40.037038889247924	0
-315.59378047130303	39.72440537530929	0
-315.4627837673179	39.42833909066394	0
-315.2909774328	39.15507325390354	0
-315.0816497352207	38.91073807841167	0
-314.8393249058863	38.70073899347335	0
-314.53801722679054	38.51314362278208	0
-314.2447051539202	38.3893719566986	0
-313.93728633009596	38.310911264736205	0
-313.587623550382	38.27858170680702	0
-313.2387465976062	38.304418654646724	0
-312.8673324128031	38.39859208045527	0
-312.5508574983687	38.54096421319991	0
-312.29060359072173	38.71169098839164	0
-312.036720229662	38.94251450430602	0
-312.1660155800055	38.62238511117175	0
-312.33046717732213	38.341474619694054	0
-312.5502090001828	37.96530732186511	0
-312.71501154999714	37.68314942531288	0
-312.8764800564968	37.40671738656238	0
-313.05855555756716	37.09498414024711	0
-313.22109217738034	36.816698159091175	0
-313.4036254414241	36.504167645704	0
-313.6063613432925	36.15704926708713	0
-313.78890986723127	35.8445034888573	0
-313.9511489413562	35.56671723630279	0
-314.133651687589	35.25421723490581	0
-314.295883131912	34.97641953546554	0
-314.47839350806316	34.663892831187695	0
-314.66090388357406	34.351366131566465	0
-314.8231353292358	34.073564619291574	0
-314.98536677629454	33.795763104688376	0
-315.14759822026826	33.51796158682555	0
-315.350387527782	33.170709698460996	0
-315.5126189723378	32.892908182926476	0
-315.6748504182906	32.61510666785762	0
-315.8370818631374	32.33730515791103	0
-315.9993133096141	32.059503639582545	0
-316.1615790851647	31.781715478282422	0
-316.3238410486956	31.50392922339961	0
-316.5266685025417	31.15669640386477	0
-316.7092132116086	30.844186868984252	0
-316.9120406645234	30.496954048983753	0
-317.07430262624985	30.2191677945666	0
-317.25684733624803	29.906658261083066	0
-317.4393920438015	29.594148720614612	0
-317.60165400762344	29.316362467128783	0
-317.76391597051406	29.038576213642955	0
-317.94646067818394	28.72606667689979	0
-318.12900538544636	28.41355713782832	0
-318.31155009457143	28.10104760248214	0
-318.4738120576949	27.82326134527102	0
-318.6360740197706	27.545475092250854	0
-318.8389014729182	27.198242275509983	0
-319.00116343580885	26.92045601969585	0
-319.16342539998004	26.642669767141342	0
-319.3256873632781	26.364883510395885	0
-319.5082320702495	26.052373975049704	0
-319.75162501604063	25.635694592725486	0
-319.913886978582	25.357908334117383	0
-320.0964316871832	25.04539879783988	0
-320.2586936490261	24.76761254342273	0
-320.46152110304683	24.42037972388789	0
-320.6237830655882	24.14259347273037	0
-320.8063277733163	23.830083935521543	0
-321.0091552280355	23.482851116918027	0
-321.1714171895874	23.205064862500876	0
-321.3539618981886	22.892555323429406	0
-321.556789351569	22.545322503428906	0
-321.7190513141104	22.267536248546094	0
-321.88131327804876	21.98974999273196	0
-322.0435752409976	21.711963741108775	0
-322.2058372031315	21.434177486691624	0
-322.368099166546	21.156391226220876	0
-322.5506438752054	20.843881694134325	0
-322.71290583809605	20.56609543785453	0
-322.87516779993894	20.288309181574732	0
-323.0779952550074	19.941076366230845	0
-323.2402572177234	19.66329010995105	0
-323.40251917933347	19.385503857396543	0
-323.60534663364524	19.038271038793027	0
-323.7676085960702	18.760484782978892	0
-323.9501533037401	18.447975244838744	0
-324.1124152679113	18.170188989955932	0
-324.27467723109294	17.892402736935765	0
-324.45722193917027	17.57989319646731	0
-324.61948390176985	17.302106944844127	0
-324.78174586355453	17.024320687633008	0
-324.96429057169007	16.711811155080795	0
-325.1265525351628	16.434024900663644	0
-325.28881449758774	16.156238643918186	0
-325.47135920630535	15.843729104846716	0
-325.63362117041834	15.565942853689194	0
-325.7958831337164	15.288156596943736	0
-325.9757766255643	14.982964602299035	0
-326.140228224569	14.728166667278856	0
-326.34318156464724	14.463443844113499	0
-326.59835810767254	14.200537767261267	0
-326.86642832978396	13.985102737788111	0
-327.2561072841636	13.69341381918639	0
-327.5452079324168	13.475942698307335	0
-327.8017005462316	13.283110704738647	0
-328.0590209492366	13.089640701655298	0
-328.316280319239	12.89622410805896	0
-328.6054801478167	12.678792089223862	0
-328.8626021876116	12.485475628171116	0
-329.21618647681316	12.219640818424523	0
-329.49995417747414	12.00524338753894	0
-329.7360305325128	11.81358346156776	0
-329.98505397030385	11.57782563334331	0
-330.35285563603975	11.20188435446471	0
-330.6065673372359	10.94374188547954	0
-330.8596267243265	10.686131564900279	0
-331.1134414203116	10.427753535099328	0
-331.3671111590811	10.169529051054269	0
-331.62068171723513	9.911404696758837	0
-331.93066401669057	9.595835773274302	0
-332.18428034853423	9.337655155919492	0
-332.40970988367917	9.108165824785829	0
-332.63514323421987	8.878673640079796	0
-332.86057658470236	8.649180500768125	0
-333.0860099330894	8.419688310008496	0
-333.3114432824659	8.190196125768125	0
-333.5906753069139	7.905735577922314	0
-333.80010600265814	7.681776610203087	0
-334.0332221526187	7.392044155392796	0
-334.24155039928155	7.0676580355502665	0
-334.4520415799925	6.720240203663707	0
-334.64044184907107	6.410957902669907	0
-334.8072776335175	6.136901943944395	0
-335.0165137790027	5.793208682909608	0
-335.1838492883253	5.518343058414757	0
-335.4138221272151	5.140597905032337	0
-335.6020278465003	4.831450549885631	0
-335.7902335659019	4.522311775945127	0
-335.97843547089724	4.213186824228615	0
-336.1666488192859	3.904055206105113	0
-336.33394618099555	3.629270879086107	0
-336.5012435456156	3.3544875057414174	0
-336.68945307843387	3.045356599614024	0
-336.85675044119125	2.770572748966515	0
-337.0240478058113	2.4957886626943946	0
-337.1913451695582	2.221004811115563	0
-337.3586425326066	1.9462209604680538	0
-337.56776423513656	1.602742041926831	0
-337.73506159870885	1.3279589056037366	0
-337.92327113385545	1.0188278811983764	0
-338.09056849597255	0.7440449264831841	0
-338.2578658600105	0.46926173381507397	0
-338.4251632220694	0.1944781495258212	0
-338.5924605867476	-0.08030491415411234	0
-338.75975794851547	-0.35508832847699523	0
-338.94796748337103	-0.6642194129526615	0
-339.11526484630303	-0.9390024277381599	0
-339.28256220865296	-1.2137856776826084	0
-339.4498595726909	-1.4885689336806536	0
-339.63806910585845	-1.7976998435333371	0
-339.80536647012923	-2.0724834511056542	0
-339.99357600469375	-2.3816153123043478	0
-340.1817855371628	-2.690747412852943	0
-340.3490829006769	-2.965531739871949	0
-340.5372924335534	-3.2746638362295926	0
-340.72550196846714	-3.583795700687915	0
-340.91359706013463	-3.8927101199515164	0
-341.0950355063542	-4.19498482439667	0
-341.2382010954316	-4.460505397524685	0
-341.3707961582695	-4.76535979192704	0
-341.4636725917808	-5.055872829630971	0
-341.57245631387923	-5.445409209467471	0
-341.6711349028046	-5.795067224185914	0
-341.7690581807983	-6.142321026884019	0
-341.8563880469301	-6.4520010077394545	0
-341.9546851661871	-6.800546562299132	0
-342.04198069678387	-7.1100973235443234	0
-342.12928385840496	-7.419690043199807	0
-342.21660227963	-7.729336652439088	0
-342.31459040840855	-8.076570421922952	0
-342.39593882707413	-8.37699023168534	0
-342.4721297756769	-8.743869697209448	0
-342.5063628688804	-9.078108700923622	0
-342.51770014857175	-9.43669501459226	0
-342.52764506440144	-9.761655723676085	0
-342.5389403842855	-10.122845561709255	0
-342.54890437278664	-10.443767459131777	0
-342.5601462846971	-10.805807029362768	0
-342.57137293968117	-11.167589101474732	0
-342.5819663530565	-11.508676438592374	0
-342.59185786388116	-11.836332234088331	0
-342.6025313871796	-12.182559879962355	0
-342.62011332745897	-12.532750040758401	0
-342.6725005636108	-12.868141089566052	0
-342.7355308071128	-13.1707762805745	0
-342.82340998895233	-13.572420990094543	0
-342.89997096161824	-13.924562368541956	0
-342.96810145588825	-14.237795742694288	0
-343.03438563575037	-14.546716602053493	0
-343.0877990251174	-14.84613886801526	0
-343.1222075954429	-15.21799174323678	0
-343.1269034888246	-15.57507411018014	0
-343.1307143709273	-15.940704259090126	0
-343.13414759770967	-16.2517356001772	0
-343.1369666585815	-16.592525396496058	0
-343.1394385820604	-16.900733864400536	0
-343.141853287525	-17.201635275036097	0
-343.14470286580035	-17.557821184862405	0
-343.1473388209124	-17.88586035463959	0
-343.1502303609741	-18.246469411067665	0
-343.1527976533398	-18.567106162197888	0
-343.1557120808284	-18.92960539786145	0
-343.1582870029961	-19.251359853427857	0
-343.1608542932081	-19.572898778598756	0
-343.163433029491	-19.89459982747212	0
-343.1660041338182	-20.216323763132095	0
-343.1687125696917	-20.567300710827112	0
-343.1711120138061	-20.893884570337832	0
-343.173747970548	-21.227535162121058	0
-343.17614360013977	-21.531356724444777	0
-343.17862696788507	-21.84606352681294	0
-343.18684001243673	-22.160961064044386	0
-343.21707148692803	-22.499864489771426	0
-343.2688521879609	-22.85538283456117	0
-343.31525797984796	-23.177289878949523	0
-343.3667068013456	-23.534957798197865	0
-343.41821665928	-23.892558966763318	0
-343.46985621663043	-24.251109990291297	0
-343.51572032109834	-24.569541844539344	0
-343.56729502946837	-24.927677067462355	0
-343.61316676303977	-25.24610510841012	0
-343.6590346827288	-25.564536961261183	0
-343.70490260241786	-25.882942110765725	0
-343.7507705229218	-26.201358707621694	0
-343.8023719328339	-26.55958357732743	0
-343.84823985159164	-26.87800398748368	0
-343.8998412635992	-27.236226950306445	0
-343.95144267211435	-27.594449911266565	0
-344.00877757306444	-27.992475423030555	0
-344.054645492346	-28.310895834118128	0
-344.10051341186045	-28.629316242877394	0
-344.1635818025097	-29.067144308704883	0
-344.2094497215003	-29.385564716998488	0
-344.26105113181984	-29.743787677027285	0
-344.324119521596	-30.18161574192345	0
-344.37572093249764	-30.539838704746217	0
-344.4215888523613	-30.85825911257416	0
-344.46745677263243	-31.1766795264557	0
-344.5247916720691	-31.574705035891384	0
-344.58212657115655	-31.97273055044934	0
-344.633727980603	-32.33095351187512	0
-344.6793670190964	-32.648305809590966	0
-344.73363871657057	-32.99364653415978	0
-344.7969626907725	-33.28701963974163	0
-344.9365577241988	-33.70623579993844	0
-345.08195109531516	-33.99968901555985	0
-345.2929305571015	-34.31106367940083	0
-345.5132751001511	-34.60042754281312	0
-345.70876689220313	-34.85863676760346	0
-345.926544144575	-35.14624587120488	0
-346.1449508216465	-35.434633169323206	0
-346.3871955400682	-35.754609974101186	0
-346.57778925978346	-36.00090971728787	0
-346.7737426289241	-36.22936812369153	0
-347.0114936371683	-36.46198455011472	0
-347.2711486364133	-36.66389647638425	0
-347.55953593406593	-36.83421889087185	0
-347.9912147070863	-37.05005446402356	0
-348.28025813313434	-37.194871813524514	0
-348.63867755018873	-37.37434569420293	0
-348.9263877402409	-37.518407735507935	0
-349.28617282077903	-37.698556813877076	0
-349.60969729546923	-37.86055556219071	0
-349.8973445435404	-38.00458708778024	0
-350.1850184930954	-38.14863768406212	0
-350.47267146169906	-38.292680656537414	0
-350.79627795441775	-38.45472517842427	0
-351.11989588983124	-38.61677351780236	0
-351.51542659051483	-38.81483259983361	0
-351.8030833739904	-38.95887556904927	0
-352.09074397274526	-39.10291854059324	0
-352.37840266485	-39.24696150654927	0
-352.7379760273034	-39.42701521795243	0
-353.06159205531003	-39.58906355407089	0
-353.56499476497993	-39.841138754505664	0
-353.9245681295288	-40.021192462183535	0
-354.3560561671038	-40.237256918568164	0
-354.6796721959836	-40.399305255617946	0
-354.9673308854108	-40.54334822529927	0
-355.25498957867967	-40.687391193117946	0
-355.61456294130767	-40.86744490452111	0
-355.902221633296	-41.01148787327111	0
-356.1898803244694	-41.15553084248677	0
-356.4775390170398	-41.29957380890846	0
-356.94498439104063	-41.533643637318164	0
-357.2686004178249	-41.69569197529927	0
-357.5922164465883	-41.857740313746035	0
-357.9877471465734	-42.055799395311624	0
-358.2754058371065	-42.19984236732125	0
-358.6709365374991	-42.3979014493525	0
-358.9585952303023	-42.54194441670552	0
-359.28221125836717	-42.70399275748059	0
-359.56986994860927	-42.84803572529927	0
-359.8934859770234	-43.01008406560868	0
-360.28750033600954	-43.20746413106099	0
-360.70491213857895	-43.40276518277824	0
-361.08952708455035	-43.53810301516205	0
-361.4186591648613	-43.61026183096692	0
-361.73480219912017	-43.65839568153024	0
-362.05627627455397	-43.70737639348954	0
-362.41351885866607	-43.76209441246465	0
-362.81041713018203	-43.8227900583297	0
-363.20824237010675	-43.883630665484816	0
-363.5262126454036	-43.93226424045861	0
-363.8441562190419	-43.98089019069448	0
-364.1569432754768	-44.02898970339447	0
-364.45548720489023	-44.07467833114788	0
-364.79475398146315	-44.12659255042672	0
-365.1015948779532	-44.17354383971542	0
-365.4595632084529	-44.22831908147782	0
-365.78241248225095	-44.27773848269135	0
-366.0982608330087	-44.326116477604955	0
-366.4071292405133	-44.371137532405555	0
-366.9677762527135	-44.40839567873627	0
-367.4764365683659	-44.35569945350289	0
-367.82449050067225	-44.257696064189076	0
-368.1516427540337	-44.10795393586159	0
-368.50507254718104	-43.86307707754895	0
-368.7802409665892	-43.58305541053414	0
-369.0133084785775	-43.24367705453187	0
-369.26447005505906	-42.826997668948025	0
-369.53503222658765	-42.380338583141565	0
-369.72237963887164	-42.07093993201852	0
-369.9307002563146	-41.72688475716859	0
-370.1151456378284	-41.42652312060818	0
-370.2846765065915	-41.17704954696819	0
-370.5692138209706	-40.83853331301361	0
-370.8978604801232	-40.55254164431244	0
-371.23607630998595	-40.346998126711696	0
-371.5346030719229	-40.224630266893655	0
-372.07837433955865	-40.11507979314774	0
-372.4811396141886	-40.07000532979146	0
-372.88164515589597	-40.02408781833947	0
-373.2002620231942	-39.987630758900195	0
-373.7193192979321	-39.9281977750361	0
-374.06837840302614	-39.89147368166596	0
-374.36848158953944	-39.87545195268467	0
-374.7002596395905	-39.88673201529309	0
-375.0248827469186	-39.93495741439983	0
-375.50488515157485	-40.09030333487317	0
-375.9935087703052	-40.38810530444607	0
-376.228389932774	-40.60701552359387	0
-376.4289421577123	-40.859388266224414	0
-376.6073359984439	-41.152658375911415	0
-376.7526375792222	-41.422117148991674	0
-376.9468011386343	-41.8879756052047	0
-377.03468294342747	-42.2789057828486	0
-377.0892436048598	-42.5850123479031	0
-377.01750202378025	-42.18317213980481	0
-376.95698685740354	-41.84415999474004	0
-377.2433363936725	-41.967317496892065	0
-377.24367757019354	-42.27200499502942	0
-376.9456467164564	-42.61166945332661	0
-376.74745221307967	-42.83728590840474	0
49.97937016328797	-139.99698058143258	0
49.56256108044181	-139.98811522359028	0
49.76925663877046	-139.73869505571201	0
49.99020390404621	-139.49345579883084	0
50.20227055385476	-139.25795164564624	0
50.41915898193838	-139.0172289912589	0
50.6647339334595	-138.74469176027924	0
50.905517624749336	-138.47738829487935	0
51.17459110933123	-138.1787432790734	0
51.390228318283334	-137.93943968461826	0
51.63241581706097	-137.67065611714497	0
51.84771733090747	-137.43167296331376	0
52.14382939168718	-137.10299864737317	0
52.35916142194765	-136.86400023428723	0
52.567077683110256	-136.62726012058556	0
52.77822880464373	-136.38395872758701	0
53.03070072986884	-136.1348132211715	0
53.22052006452577	-135.89770690025762	0
53.38897709624143	-135.64004698675126	0
53.55841069150483	-135.33554259082302	0
53.689849898568355	-134.982759389095	0
53.80017094541108	-134.63429442420602	0
53.89849858020898	-134.32672301214188	0
54.0204468225711	-133.94490233436227	0
54.11834721296327	-133.63830748479813	0
54.240783738030586	-133.2550372206606	0
54.36444096494233	-132.84141722600907	0
54.489807175588794	-132.32690611481667	0
54.55685429490404	-131.93881407706067	0
54.562713668332435	-131.54442015336826	0
54.49676518328488	-131.1046313396655	0
54.4259338832926	-130.79031554237008	0
54.361938522488344	-130.45892516337335	0
54.30490117002046	-130.14601317467168	0
54.14898686198285	-129.44990721764043	0
54.085449264675844	-129.1448992807418	0
54.03591923514614	-128.80778685258701	0
54.00173954892671	-128.4486407339573	0
53.93148808297701	-127.72599211521447	0
53.896545456780586	-127.36607542913407	0
53.85766606248217	-126.96616545552388	0
53.82955937233055	-126.65448180073872	0
53.816314742551185	-126.27711668983102	0
53.83212284831097	-125.92433348624036	0
53.84967045573285	-125.59958067862317	0
53.87069706711918	-125.19765654578805	0
53.88961796654621	-124.837045582477	0
53.90859990013996	-124.47534361481667	0
53.935974168009125	-123.95327940862626	0
53.95281987026101	-123.63208189839497	0
53.973876999283675	-123.23045531008393	0
53.99282841611421	-122.86905852425843	0
54.00967411912279	-122.54783812584355	0
54.026519822306	-122.22661009803414	0
54.04757695022272	-121.82507506292313	0
54.06442265253281	-121.5038470365107	0
54.083374070352875	-121.142465504352	0
54.1107483371743	-120.62046995898709	0
54.1285400846391	-120.26525297993794	0
54.12982182361884	-119.84942046040669	0
54.08538822981063	-119.44177428027615	0
54.02523808280239	-119.12935057329014	0
53.95541386498371	-118.7703494145535	0
53.89437870908296	-118.45491209905595	0
53.83370976173319	-118.14598265616223	0
53.744964646117296	-117.7774752676487	0
53.624267623818014	-117.4286593561992	0
53.46218876732746	-117.10120574012399	0
53.27249150129501	-116.81143370596692	0
53.087341353762895	-116.54422941990197	0
52.85855107032694	-116.21194640127942	0
52.653839157836046	-115.91479674261063	0
52.47122196882265	-115.64972105901688	0
52.24673466401873	-115.32748595206067	0
52.06289677449968	-115.08835020847619	0
51.838897751586046	-114.84273711033165	0
51.591796921391506	-114.62610808201134	0
51.227294968499336	-114.39193144906312	0
50.89688114874298	-114.25140562932938	0
50.57992558402475	-114.17082396289334	0
50.27005009475397	-114.1243838374503	0
49.90719608979998	-114.0745333773084	0
49.58834843424847	-114.0300082275644	0
49.191101120377425	-113.97464934270829	0
48.604126023245044	-113.8849047748372	0
48.18496708589373	-113.82743254583329	0
47.86642460589064	-113.79120817733929	0
47.52917485166108	-113.75662413658574	0
47.06375126662897	-113.6839846689254	0
46.681091354519594	-113.62432280415669	0
46.28530888300156	-113.56923857377842	0
45.9631653301185	-113.52379790274426	0
45.64532475260785	-113.4790362440981	0
45.32742314069765	-113.43428221624345	0
44.93615727178985	-113.38429442606866	0
44.62341313273646	-113.3514727698639	0
44.28036503581097	-113.32012358633801	0
43.937408493540715	-113.31817046087235	0
43.449920700106304	-113.32770720636472	0
43.1281128389528	-113.33323851274326	0
42.72726444998989	-113.34022704092786	0
42.32476811326342	-113.3472537114285	0
42.0031433555414	-113.35286894533783	0
41.68167118850397	-113.35848418204114	0
41.319824264675844	-113.36480132164434	0
40.95794682431733	-113.37111845938489	0
40.63095097296173	-113.37272062990814	0
40.27044682280393	-113.36737242573872	0
39.87496952951187	-113.37627593055367	0
39.50946049421327	-113.38260069396347	0
39.18792729097186	-113.38825408136472	0
38.78668217448285	-113.39534178702161	0
38.34396366990404	-113.40315428562462	0
37.982177781465	-113.40954008884728	0
37.58032231259858	-113.41663542762399	0
37.258606003946625	-113.42231169436127	0
36.89688114885939	-113.42869749944657	0
36.57534794614185	-113.43437377223745	0
36.2136230924516	-113.44075957126915	0
35.69113163702423	-113.44998350879177	0
35.28921513335081	-113.45707884477451	0
34.96768193069147	-113.46275511942804	0
34.6059570760699	-113.46914092171937	0
34.244232224242296	-113.47552672447637	0
33.92269901948748	-113.48120299214497	0
33.52078251558123	-113.48829832905903	0
33.159057663113344	-113.49468412948772	0
32.83752446057042	-113.5003604022786	0
32.4356079553836	-113.50745574105531	0
31.953308150928933	-113.51597014255822	0
31.511199997970834	-113.52377501083538	0
31.109283492609393	-113.5308703519404	0
30.787750290415715	-113.53654662100598	0
30.385833785810973	-113.54364195698872	0
29.90353398193838	-113.55215636407956	0
29.582000779162627	-113.55783263174817	0
29.260467575106304	-113.56350889988244	0
28.93893437186489	-113.56918517034501	0
28.537017868773546	-113.57628050865605	0
28.175293015374336	-113.58266631141305	0
27.733184860786423	-113.59047118201852	0
27.41165165795246	-113.59614745201543	0
27.049926803680137	-113.60253325197846	0
26.7283936002641	-113.60820952290669	0
26.40686039760476	-113.6138857929036	0
25.924560593499336	-113.62240019347519	0
25.562835738935973	-113.62878599856049	0
25.24130253592739	-113.63446227181703	0
24.879577682702802	-113.64084807317704	0
24.437469529395457	-113.64865294238552	0
23.995361373468768	-113.65645781485364	0
23.593444869213272	-113.66355315223336	0
23.03076176549075	-113.67348662437871	0
22.5886536106118	-113.6812914935872	0
22.267120406439062	-113.68696776265278	0
21.94558720308123	-113.69264403171837	0
21.504058883117978	-113.70047942036763	0
21.19113163842121	-113.70377531833947	0
20.88305668666726	-113.69301787251607	0
20.52182011329569	-113.66930571384728	0
20.158508346474264	-113.64630309166387	0
19.75808720308123	-113.62094298191369	0
19.356811569654383	-113.59553709859028	0
18.995483444130514	-113.57266417704523	0
18.674438521731645	-113.55233946628869	0
18.19290165626444	-113.52185240434483	0
17.831695603148546	-113.49898711312562	0
17.350158738030586	-113.46850005118176	0
16.9488525846391	-113.44309416366741	0
16.587677047064062	-113.42022887058556	0
16.146240280999336	-113.39228239888325	0
15.825195357436314	-113.37195769138634	0
15.50415043690009	-113.35163298621774	0
15.142974900256377	-113.3287676917389	0
14.785308884514961	-113.30625334521756	0
14.47634892287897	-113.29454985447228	0
14.117706344404723	-113.29522124258801	0
13.712921189318877	-113.2958773705177	0
13.311431931215338	-113.29644194804132	0
12.909484909672756	-113.29705229541287	0
12.547332809714135	-113.29760161181912	0
12.191955611517187	-113.29658690420911	0
11.792785691039171	-113.28478422900662	0
11.429534957685973	-113.27384367771447	0
11.067993210919667	-113.2630404564552	0
10.746704148012213	-113.2534426744096	0
10.384826707071625	-113.2426089355722	0
9.942718552716542	-113.22937193932012	0
9.460418747214135	-113.21491423528641	0
9.138885544496588	-113.20527068246156	0
8.817352341662627	-113.19562712451443	0
8.455627486284357	-113.18477812595665	0
8.137725875654723	-113.1783770667389	0
7.818054245668463	-113.17908659949899	0
7.4867554166703485	-113.16868773242459	0
7.127594039018732	-113.1574725266546	0
6.807556197280064	-113.14804259082302	0
6.4850159152993	-113.13841429492459	0
6.123077439027838	-113.12763396138325	0
5.761566207103897	-113.11686125770211	0
5.31939701794181	-113.10368529334664	0
4.997863815864548	-113.0941027761437	0
4.636138962523546	-113.08332243841141	0
4.234222457744181	-113.07134429039434	0
3.8724976038211025	-113.060563956853	0
3.5509644010453485	-113.05098143359646	0
3.1490478977793828	-113.03900328464806	0
2.827514694596175	-113.02942076465115	0
2.5059814910637215	-113.0198382474482	0
2.1844482874148525	-113.0102557274513	0
1.8133240204770118	-112.99199858633801	0
1.5013733364758082	-112.97341337893158	0
1.182983444596175	-112.96667662542313	0
0.8169556112843566	-112.95578185189515	0
0.45574955735355616	-112.94509306782857	0
0.09463505470193923	-112.93447295203805	0
-0.22720332414610311	-112.92500487342477	0
-0.5889892129343934	-112.9143542391248	0
-0.9506530305952765	-112.90371886081994	0
-1.3124084012233652	-112.89307585498318	0
-1.6663512719678693	-112.88405028125271	0
-2.0075072793406434	-112.89073362993076	0
-2.3598327177460305	-112.92233458347619	0
-2.6834105987800285	-112.95367613900453	0
-3.0292663121945225	-112.99489775532857	0
-3.358154251531232	-113.0326556279324	0
-3.727294876414817	-113.06681242911145	0
-4.122100784443319	-113.10435667820275	0
-4.482910109392833	-113.13875761860982	0
-4.811523391690571	-113.16436949465424	0
-5.1291503448737785	-113.1845645015128	0
-5.482360794732813	-113.22004881920293	0
-5.805969192821067	-113.2509554955177	0
-6.166168166091666	-113.28533354401588	0
-6.477081252785865	-113.31281462544575	0
-6.788909866416361	-113.3269518953748	0
-7.152191117114853	-113.3373660184443	0
-7.555297804821748	-113.34977904334664	0
-7.956390334293246	-113.36207762500271	0
-8.278076126647647	-113.37191954534501	0
-8.639923049078789	-113.38300505746156	0
-9.001586868427694	-113.39406004874036	0
-9.36331172165228	-113.40511503908783	0
-9.684844925650395	-113.41494170157239	0
-10.006378126738127	-113.42476836033165	0
-10.327911331842188	-113.43459502002224	0
-10.729827835981268	-113.44687834894285	0
-11.131744338257704	-113.45916167134419	0
-11.493469192704652	-113.47021666588262	0
-12.015960647317115	-113.48618498584256	0
-12.417877151223365	-113.49846831196919	0
-12.739410355279688	-113.50829497352242	0
-13.060943556425627	-113.5181216308847	0
-13.422668410930783	-113.52917662309483	0
-13.744201613415498	-113.5390032818541	0
-14.105926467396785	-113.55005827452987	0
-14.427459671220277	-113.55988493515179	0
-14.789184524735902	-113.57093993248418	0
-15.110717727511656	-113.58076658984646	0
-15.512634231126867	-113.59304991131648	0
-15.834167435590643	-113.60287657612935	0
-16.155700637144037	-113.6127032386139	0
-16.477233840327244	-113.62252989783883	0
-16.879150343767833	-113.6348132211715	0
-17.200683548406232	-113.64463988132775	0
-17.52221675036708	-113.654466541484	0
-17.843749953841325	-113.66429320257157	0
-18.285858107556123	-113.67780486121774	0
-18.607391310564708	-113.68763152044266	0
-18.969116165826563	-113.6986865112558	0
-19.290649367903825	-113.70851317420602	0
-19.61218257166911	-113.71833983575925	0
-20.014099075167906	-113.73062315629795	0
-20.416015579132363	-113.74290648382157	0
-20.737548781966325	-113.75273314490914	0
-21.139465286047198	-113.76501646917313	0
-21.541381790593732	-113.77729979436845	0
-21.903106642712373	-113.78835478518158	0
-22.224639846594073	-113.79818145092577	0
-22.546173049660865	-113.8080081040971	0
-22.94808955444023	-113.82029143534601	0
-23.309814408014063	-113.83134642196819	0
-23.631347610033117	-113.84117308398709	0
-23.95288081385661	-113.8509997469373	0
-24.2744140169234	-113.86082640569657	0
-24.595947219466325	-113.87065306305885	0
-24.99786372395465	-113.88293639058247	0
-25.359588576073293	-113.89399138232693	0
-25.721313430345617	-113.90504637593403	0
-26.04284663364524	-113.91487303795293	0
-26.364379836420994	-113.9246996990405	0
-26.806487990019377	-113.9382113525644	0
-27.128021194424946	-113.94803801178932	0
-27.449554398364853	-113.95786467380822	0
-27.8112792512984	-113.96891966694966	0
-28.213195754098706	-113.98120299354196	0
-28.534728956816252	-113.99102965183556	0
-28.93664546206128	-114.00331297935918	0
-29.338561965327244	-114.01559630222619	0
-29.700286820239853	-114.02665129257366	0
-30.02182002173504	-114.03647795505822	0
-30.3835448762984	-114.047532947734	0
-30.705078079074156	-114.05735960928723	0
-31.026611281151418	-114.06718626897782	0
-31.388336134783458	-114.07824126398191	0
-31.709869338257704	-114.08806792227551	0
-32.11178584379377	-114.10035124700516	0
-32.433319046511315	-114.11017790716141	0
-32.754852248646785	-114.12000456824899	0
-33.116577103268355	-114.13105955766514	0
-33.478301955678035	-114.14211455406621	0
-33.79983515868662	-114.1519412137568	0
-34.12136836111313	-114.16176787111908	0
-34.442901565285865	-114.17159453360364	0
-34.76443476881832	-114.18142119329423	0
-35.16635127173504	-114.19370451942086	0
-35.48788447451079	-114.2035311772488	0
-35.80941767891636	-114.21335783787072	0
-36.17114253126783	-114.22441283147782	0
-36.49267573480029	-114.23423949396238	0
-36.93478388868971	-114.24775114981458	0
-37.29650874302024	-114.25880614342168	0
-37.61804194562137	-114.26863280171528	0
-37.979766799428035	-114.27968779532239	0
-38.301300003309734	-114.28951445315033	0
-38.62283320672577	-114.29934111656621	0
-38.94436640938511	-114.30916777485982	0
-39.34628291236004	-114.32145110098645	0
-39.66781611664919	-114.33127776300535	0
-39.98934932023985	-114.34110442083329	0
-40.31088252342306	-114.35093108331785	0
-40.67260737490142	-114.36198607459664	0
-40.99414057924878	-114.37181273335591	0
-41.31567378307227	-114.38163939444348	0
-41.637206986313686	-114.39146605366841	0
-41.95874018891482	-114.40129271522164	0
-42.32046504103346	-114.4123477069661	0
-42.641998244973365	-114.42217436479405	0
-42.963531448331196	-114.43200102634728	0
-43.32525630184682	-114.44305601948872	0
-43.64678950427333	-114.45288267917931	0
-44.00851435720688	-114.46393767371774	0
-44.37023921229411	-114.47499266313389	0
-44.69177241565194	-114.48481932515278	0
-45.171661330678035	-114.49951354134828	0
-45.48004145786399	-114.50300780218095	0
-45.82250972016482	-114.48472777334973	0
-46.142517043103	-114.45360747212544	0
-46.545806838956196	-114.41551390523091	0
-46.86520381120499	-114.38533201813698	0
-47.225219680927694	-114.35130492085591	0
-47.62582392903278	-114.31344023998827	0
-47.986144974594936	-114.27939024893567	0
-48.306426956143696	-114.24912443757057	0
-48.66677851852728	-114.21505919611081	0
-49.02713008184219	-114.18100157519802	0
-49.42752070497954	-114.14315977925435	0
-49.787872269167565	-114.10910216206685	0
-50.18826289259596	-114.07126036612317	0
-50.588653518410865	-114.03341856971383	0
-50.98730464093387	-113.99567595636472	0
-51.29669184808154	-113.97100248979405	0
-51.6515807643882	-113.95903197256848	0
-52.09127802943112	-113.95050231087953	0
-52.41275019751629	-113.94550505466759	0
-52.782012893643696	-113.9125842154026	0
-53.13201899721753	-113.90249052876607	0
-53.528503372275736	-113.89181700535119	0
-53.83706660551252	-113.86631193989888	0
-54.16021723829908	-113.83841124502942	0
-54.52322383009596	-113.80774870887399	0
-54.84262080292683	-113.78067961893976	0
-55.283233595779166	-113.74334136163816	0
-55.60437007230939	-113.71640959521756	0
-55.927276565053035	-113.69058409612626	0
-56.238708449935075	-113.67814055550843	0
-56.59600825520465	-113.66006651660427	0
-56.93273921107175	-113.61418334161863	0
-57.23333735612687	-113.54413023870438	0
-57.58724971016636	-113.48832884710282	0
-57.9788817888475	-113.45057860063389	0
-58.432403518410865	-113.40972319804132	0
-58.754577589978	-113.38059417018667	0
-59.13174433930544	-113.35748473368585	0
-59.43457026744727	-113.3336428720504	0
-59.736938429414295	-113.29689970705658	0
-60.05712886137189	-113.26624480076134	0
-60.386749221070204	-113.23931304132566	0
-60.705535842862446	-113.21267882362008	0
-61.02432246279204	-113.18601408880204	0
-61.345733597292565	-113.15913573419675	0
-61.74670405505458	-113.12559691164643	0
-62.22564692731248	-113.08548155473545	0
-62.534606887900736	-113.06414214149117	0
-62.90826411364833	-113.06259337486699	0
-63.24411006056471	-113.09664336079732	0
-63.60021968110232	-113.15477171866223	0
-63.920776320563164	-113.206712635234	0
-64.27722163283033	-113.26434508292004	0
-64.63400263991207	-113.32209959812462	0
-64.95184321486158	-113.37354460498318	0
-65.3442382348585	-113.43662444036454	0
-65.69818110740744	-113.48420897498727	0
-66.05844111618353	-113.53074827836826	0
-66.37792964041	-113.57225981494412	0
-66.73638911469607	-113.61880675284192	0
-67.09527583228191	-113.66541472263634	0
-67.45431513903895	-113.71203032601625	0
-67.89303584262962	-113.76901426911354	0
-68.33178706414765	-113.82599822059274	0
-68.73065180837875	-113.87780180713162	0
-69.04974360618507	-113.91924467915669	0
-69.401702833944	-113.9340914809145	0
-69.74322505202144	-113.97247496433556	0
-70.05673213239061	-114.00144377490506	0
-70.38595576531952	-114.0623187138699	0
-70.78421015833737	-114.09573546238244	0
-71.111663771444	-114.11736479587853	0
-71.49945063830819	-114.11965361330658	0
-71.92568965198006	-114.12206450710073	0
-72.2744750509155	-114.12136260047555	0
-72.58309931959957	-114.08820524858311	0
-72.94168086268473	-114.04572478216141	0
-73.25323481624946	-114.02079954883084	0
-73.60974116419675	-113.99331083893776	0
-73.91397090110695	-113.98152342811227	0
-74.34478755277814	-113.996225269977	0
-74.6697997598094	-114.01020995341241	0
-74.99151606624946	-114.02375212311745	0
-75.39230342145311	-114.04071990028024	0
-75.70092768938048	-114.04112425725907	0
-76.03326411399757	-114.0611895606853	0
-76.40637202485232	-114.10438719810918	0
-76.83322138927178	-114.09037962928414	0
-77.19100947590778	-114.09553709579632	0
-77.6378783712862	-114.09891692176461	0
-77.99859614606248	-114.10165587207302	0
-78.3200072789914	-114.10409727832302	0
-78.68225093116052	-114.10684386268258	0
-79.04418940719916	-114.10959044424817	0
-79.36584468005458	-114.1120318453759	0
-79.72787471004995	-114.11477843252942	0
-80.13009639043594	-114.11783019267023	0
-80.49209590168903	-114.12057677144185	0
-80.89431758067803	-114.1236285273917	0
-81.25631709262962	-114.12637510849163	0
-81.6183166038827	-114.12912169471383	0
-81.94009394722525	-114.13156310003251	0
-82.30209346098127	-114.13430968206376	0
-82.62387080449844	-114.1367510901764	0
-82.94564814679325	-114.13919249596074	0
-83.26742549025221	-114.14163390314206	0
-83.5892028347007	-114.14407530333847	0
-83.95120234595379	-114.14682189095765	0
-84.27297969040228	-114.14926329348236	0
-84.71542353811674	-114.1526202308014	0
-85.03155513067031	-114.15502348681912	0
-85.3419494178961	-114.15770903602242	0
-85.64337153558154	-114.16006651939824	0
-85.98233027668903	-114.16269865911454	0
-86.38586421246873	-114.16582671087235	0
-86.75543208321324	-114.16868010582402	0
-87.11798091058154	-114.17150298273191	0
-87.43798823549878	-114.17399016302079	0
-87.80029292218387	-114.17681303899735	0
-88.12231440719916	-114.17931548086926	0
-88.44381709193112	-114.1818179236725	0
-88.80572505068267	-114.18463316839188	0
-89.12753291288391	-114.18713560793549	0
-89.52975459204754	-114.19026366109028	0
-89.85153193742735	-114.19276610342786	0
-90.17330927943112	-114.19526854390278	0
-90.53530879173195	-114.19808379095048	0
-90.93753047235077	-114.2012118450366	0
-91.29952998302178	-114.20402708929032	0
-91.62130732781952	-114.20652953255922	0
-92.02352900622645	-114.20965758152306	0
-92.34530635125702	-114.21216002153233	0
-92.70730586297577	-114.2149752737023	0
-93.10952754173195	-114.21810332173482	0
-93.51174922223436	-114.22123137535527	0
-93.8335265655187	-114.22373381536454	0
-94.19552607618971	-114.22654906194657	0
-94.5575255882577	-114.22936430759728	0
-94.91952509933617	-114.23217955231667	0
-95.32174678100273	-114.23530760593712	0
-95.6435241237632	-114.23781004641205	0
-96.04574580403278	-114.24093810049817	0
-96.40774531639181	-114.24375334428623	0
-96.80996699532261	-114.24688139790669	0
-97.13174433883978	-114.24938383931294	0
-97.49374385102419	-114.25219908542931	0
-97.81552119465778	-114.25470153009519	0
-98.17752070492133	-114.25751677434891	0
-98.49929805088323	-114.26001921668649	0
-98.82107539341087	-114.26252165902406	0
-99.18307490530424	-114.26533690234646	0
-99.50485224806471	-114.2678393451497	0
-99.86685176036553	-114.27065459406003	0
-100.30929560720688	-114.2740954500623	0
-100.67129512038082	-114.27691069431603	0
-100.99307246372337	-114.27941313805059	0
-101.31484980805544	-114.28191557852551	0
-101.71707148797577	-114.28504363028333	0
-102.07907099981094	-114.28785887500271	0
-102.40084834350273	-114.29036132106557	0
-102.72262568591395	-114.29286375781521	0
-103.04440302954754	-114.29536619968712	0
-103.36618037411245	-114.29786864155903	0
-103.76840205385815	-114.30099669378251	0
-104.09017939650221	-114.30349913565442	0
-104.4521789085702	-114.30631437990814	0
-104.8141784198815	-114.30912962788716	0
-105.21640010131523	-114.31225768150762	0
-105.53817744442495	-114.3147601224482	0
-105.9001769554452	-114.31757536763325	0
-106.22195429867133	-114.32007780950516	0
-106.58395381236915	-114.32289305794984	0
-106.90573115571169	-114.32539549935609	0
-107.2275084980065	-114.32789793936536	0
-107.54928584356094	-114.33040037890896	0
-107.91128535330063	-114.33321562409401	0
-108.31350703450153	-114.33634367911145	0
-108.67550654505612	-114.33915892569348	0
-109.03750605689129	-114.34197417180985	0
-109.35928340192186	-114.3444766108878	0
-109.72128291201079	-114.34729185933247	0
-110.12350459193112	-114.35041991015896	0
-110.4452819362632	-114.35292235063389	0
-110.76705927943112	-114.35542479297146	0
-111.08883662364678	-114.35792723484337	0
-111.41061396681471	-114.3604296753183	0
-111.73239131114678	-114.36293212044984	0
-112.05416865419829	-114.3654345581308	0
-112.41616816795431	-114.36824980797246	0
-112.73794551118044	-114.37075224798173	0
-113.09994502301561	-114.37356749363244	0
-113.42172236641636	-114.37606993736699	0
-113.74349971074844	-114.37857237551361	0
-114.22616572614061	-114.38232603855431	0
-114.54794306884287	-114.38482848135754	0
-114.90994258096907	-114.38764372747391	0
-115.27194209216395	-114.39045897359028	0
-115.75460810872028	-114.394212635234	0
-116.19705195655115	-114.39765349356458	0
-116.59927363519091	-114.40078154671937	0
-116.92105097923195	-114.40328398440033	0
-117.24282832222525	-114.40578642906621	0
-117.56460566626629	-114.40828886860982	0
-117.96682734630303	-114.4114169194363	0
-118.28860469063511	-114.4139193627052	0
-118.61038203380303	-114.41642180271447	0
-118.97238154598745	-114.4192370516248	0
-119.33438105724053	-114.42205229680985	0
-119.73660273809219	-114.42518034949899	0
-120.05838008172577	-114.42768279043958	0
-120.38015742431162	-114.43018523277715	0
-120.701934767887	-114.43268767325208	0
-121.06393427908188	-114.43550291890278	0
-121.42593379167374	-114.43831816408783	0
-121.8683776393882	-114.44175902195275	0
-122.19015498360386	-114.44426146149635	0
-122.59237666329136	-114.44738951418549	0
-122.98269648826681	-114.45043364493176	0
-122.66439814661862	-114.4481524573639	0
-122.31726069608703	-114.4453753568232	0
-121.96844477881677	-114.44258299982175	0
-121.59912104782416	-114.43963041948155	0
-121.27813716203673	-114.43707457603887	0
-120.91772456403123	-114.43420592322946	0
-120.55520625243662	-114.43131438130513	0
-120.23339839250548	-114.42875090567395	0
-119.7973937523202	-114.42310515185818	0
-119.45608515990898	-114.40269652241841	0
-119.12628169293748	-114.35338774695992	0
-118.77337641973281	-114.25661650905386	0
-118.48229975876166	-114.13514891639352	0
-118.15023799129995	-113.94178191106766	0
-118.12344355782261	-114.24823942920193	0
-118.15902705263579	-114.5655917241238	0
-118.1896056670812	-114.87295714206994	0
-118.21987910504686	-115.19165221042931	0
-118.25076289277058	-115.51803771127015	0
-118.2847594753257	-115.87690153904259	0
-118.31872554094298	-116.236291797366	0
-118.34906001214404	-116.5571154691279	0
-118.3793334508664	-116.87742033973336	0
-118.41339106677333	-117.2375506493263	0
-118.44744868343696	-117.5978793236427	0
-118.47772212285781	-117.91816893219948	0
-118.5079955602996	-118.23840513965115	0
-118.538268996228	-118.5586566068232	0
-118.57989497273229	-118.99900999991223	0
-118.61395259009441	-119.35928526567295	0
-118.64801020786399	-119.71956816362217	0
-118.67828364588786	-120.03981963079423	0
-118.70855708321324	-120.3600710988976	0
-118.74261469912017	-120.7203539935872	0
-118.77667231688974	-121.08063689153641	0
-118.80694575415691	-121.40088835498318	0
-118.83721919287927	-121.72113981936127	0
-118.87127680901904	-122.08142271917313	0
-118.9166869664914	-122.56179991643876	0
-118.95452876301715	-122.96211424702778	0
-118.9961547384737	-123.40246001025662	0
-119.02642817707965	-123.72271147603169	0
-119.05670161487069	-124.04296294040978	0
-119.08697505178861	-124.36321440571919	0
-119.12103266973281	-124.72349730599672	0
-119.15509028494125	-125.08378020161763	0
-119.18914790434064	-125.44406309956685	0
-119.22320552088786	-125.8043459970504	0
-119.25726313696941	-126.1646288940683	0
-119.29132075497182	-126.52491179294884	0
-119.3215941915405	-126.84516325872391	0
-119.35943598946324	-127.24547759117559	0
-119.40484614518937	-127.72585478425026	0
-119.43511958303861	-128.04612914286554	0
-119.46539301943267	-128.3664416396059	0
-119.4994506376679	-128.72679320164025	0
-119.5335082555539	-129.08714476693422	0
-119.56378169212257	-129.4074572646059	0
-119.59814448544057	-129.76162901706994	0
-119.65093989536399	-130.13714781729504	0
-119.72720332216704	-130.46136656682938	0
-119.8378295439179	-130.77153197256848	0
-120.00405879173195	-131.09349242132157	0
-120.19281001348281	-131.35724058980122	0
-120.41644282580819	-131.5907000657171	0
-120.67285151575925	-131.7896441523917	0
-120.93630976916756	-131.94740477623418	0
-121.2551879430539	-132.12623778078705	0
-121.64102168154204	-132.3442248441279	0
-121.92031855857931	-132.50195494759828	0
-122.26589961175341	-132.69610777730122	0
-122.5703429725836	-132.8519457881339	0
-122.91375727800187	-132.9903582688421	0
-123.23150630138116	-133.07696715276688	0
-123.55465693591395	-133.122407826595	0
-123.85507197590778	-133.1266650268808	0
-124.17596430960111	-133.11386290472	0
-124.54104609665228	-133.09985533216968	0
-124.86163325514644	-133.08766356483102	0
-125.18258662457811	-133.07539549609646	0
-125.5043334494112	-133.0631121713668	0
-125.82588191278046	-133.0508593651466	0
-126.14724726910936	-133.0386523315683	0
-126.46870417689206	-133.02644530124962	0
-126.91072077990975	-133.00966063607484	0
-127.23213191301329	-132.99745360435918	0
-127.55354304384673	-132.9852465703152	0
-127.87495417689206	-132.97303954139352	0
-128.3168944856734	-132.95625487202778	0
-128.67848201066954	-132.94252196326852	0
-128.99989314359846	-132.9303149310872	0
-129.3496093286085	-132.91700926795602	0
-129.6791228777729	-132.90472594136372	0
-130.03071589686442	-132.89138975925744	0
-130.33584590029204	-132.87976256432012	0
-130.79574580286862	-132.8622607346624	0
-131.20445246790769	-132.8466967670247	0
-131.5242614292656	-132.8345355130732	0
-131.92533869849285	-132.81930724019185	0
-132.24737544130767	-132.80708495061845	0
-132.60897822561674	-132.79335204139352	0
-133.01071162481094	-132.7780932500027	0
-133.3322448260733	-132.76588621921837	0
-133.734054519271	-132.75062743201852	0
-134.0554503944586	-132.7384204035625	0
-134.49740596004995	-132.7216357323341	0
-134.8188170925132	-132.70942870061845	0
-135.18040461681085	-132.69569579139352	0
-135.50181574939052	-132.68348876200616	0
-135.90357966540614	-132.66822997154668	0
-136.34551997331437	-132.65144530311227	0
-136.66007990919752	-132.63946715090424	0
-136.97988887043903	-132.62759581394494	0
-137.30079646297963	-132.61541930260137	0
-137.65371699573006	-132.6020526010543	0
-138.00604243495036	-132.58865538518876	0
-138.37471003696555	-132.57464781682938	0
-138.73497004673118	-132.56094542518258	0
-139.0554656513268	-132.54878416843712	0
-139.37745661957888	-132.5365466219373	0
-139.776321365498	-132.5215777475387	0
-140.0954741963069	-132.51455870596692	0
-140.45814509608317	-132.50715819140896	0
-140.78009028552333	-132.5004748441279	0
-141.10148616024526	-132.49377623246983	0
-141.4231109157554	-132.48706236621365	0
-141.7447967060143	-132.48034849762917	0
-142.06642146239756	-132.47363463463262	0
-142.38806147658033	-132.4669207641855	0
-142.74993891903432	-132.45936766685918	0
-143.0715941915405	-132.4526537968777	0
-143.39324946666602	-132.44593993248418	0
-143.79531855724053	-132.43754759524018	0
-144.11697383091087	-132.430833728984	0
-144.43862910516327	-132.42411986272782	0
-144.76028437743662	-132.4174059969373	0
-145.20256037899526	-132.4081744295545	0
-145.52421565231634	-132.401460562367	0
-145.88607783487532	-132.39390745805576	0
-146.2077331089531	-132.3871935904026	0
-146.52938838134287	-132.38047972600907	0
-146.89125056535704	-132.37292662542313	0
-147.2531127477414	-132.3653735271655	0
-147.61497493035858	-132.3578204214573	0
-147.97683711146237	-132.35026732319966	0
-148.3386992952437	-132.34271422447637	0
-148.70056147727882	-132.33516112156212	0
-149.0624236597796	-132.32760802237317	0
-149.38407893344993	-132.32089415518567	0
-149.74594111688202	-132.3133410536684	0
-150.188217117975	-132.30410949140787	0
-150.52947993343696	-132.29699889058247	0
-150.18568415712798	-132.41592589393258	0
-149.7990264427499	-132.50975218741223	0
-149.45013423199998	-132.58661070885137	0
-149.05050654540537	-132.63339415797964	0
-148.72715754649835	-132.64999571582302	0
-148.36210627824767	-132.66977110831067	0
-148.00234980811365	-132.68933287495747	0
-147.6411590113421	-132.70894041890278	0
-147.31956477300264	-132.72641173377633	0
-146.95825190778123	-132.74604979809374	0
-146.55680842587026	-132.76785460254177	0
-146.23548884497723	-132.78532591788098	0
-145.9142760776449	-132.8027819734998	0
-145.59310908487532	-132.8202227652073	0
-145.19161982799415	-132.84204283729196	0
-144.87045283376938	-132.85949889244512	0
-144.54928584367735	-132.87695494666696	0
-144.18797297647689	-132.8965930058621	0
-143.82666011102265	-132.91623106971383	0
-143.50549311720533	-132.93368711974472	0
-143.10403437836794	-132.95550718856975	0
-142.7828673859476	-132.9729632497765	0
-142.4215545183397	-132.99260130617768	0
-142.060241652478	-133.0122393728234	0
-141.73907466087257	-133.02969542564824	0
-141.37776179384673	-133.04933348391205	0
-141.05659480358008	-133.0667895390652	0
-140.73542781063588	-133.08424559328705	0
-140.33396906935377	-133.1060656621121	0
-140.01280207774835	-133.12352171866223	0
-139.61134333751397	-133.1453417870216	0
-139.1697387236054	-133.16934386081994	0
-138.84857173037017	-133.18679991411045	0
-138.52740473899757	-133.20425597205758	0
-138.20623774715932	-133.22171202674508	0
-137.8449248817633	-133.24135009013116	0
-137.44346614001552	-133.2631701542996	0
-137.12229914899217	-133.28062621317804	0
-136.80113215517486	-133.29808226507157	0
-136.43981928977882	-133.3177203242667	0
-136.1186522973585	-133.33517637848854	0
-135.79748530458892	-133.35263243643567	0
-135.47631831356557	-133.37008848739788	0
-135.11500544619048	-133.3897265503183	0
-134.75369258056162	-133.40936461370438	0
-134.39237971435068	-133.42900267569348	0
-133.99092097370885	-133.45082274265587	0
-133.6815795439179	-133.4676226680167	0
-133.3809508823324	-133.4811877333559	0
-133.0295257102116	-133.48999205371365	0
-132.69874568114756	-133.49827757943422	0
-132.32130427652737	-133.50775328697637	0
-131.99264521867735	-133.51597777474672	0
-131.63024897745345	-133.52504149265587	0
-131.27020259032724	-133.53407469345257	0
-130.94815058802487	-133.54214659286663	0
-130.62625117466087	-133.55020323814824	0
-130.26461787271546	-133.55926695512608	0
-129.94302363618044	-133.56732359807938	0
-129.6213836206589	-133.575380241964	0
-129.2595824743621	-133.5844439608045	0
-128.85755915852496	-133.59451475925744	0
-128.49568171665305	-133.60357847856358	0
-128.1740264428663	-133.6116351238452	0
-127.85237116919598	-133.61969176214188	0
-127.4905089882086	-133.62875548237935	0
-127.12864680535858	-133.63781920308247	0
-126.8069915304659	-133.64587584650144	0
-126.40492243837798	-133.6559466472827	0
-126.08326716639567	-133.66400328697637	0
-125.76161189231789	-133.67205992341042	0
-125.399749708944	-133.68112364411354	0
-124.99768061860232	-133.6911944472231	0
-124.67602534557227	-133.6992510841228	0
-124.354370070796	-133.70730773126706	0
-123.99252314626938	-133.71637144964188	0
-123.63079829298658	-133.72543516987935	0
-123.26907344016945	-133.73449889104813	0
-122.90734858770156	-133.7435626136139	0
-122.46524043165846	-133.75464049261063	0
-122.1437072295812	-133.76269713416696	0
-121.78198237606557	-133.7717608534731	0
-121.42025752289919	-133.78082457603887	0
-121.09872431948315	-133.78888121433556	0
-120.73699946486158	-133.79794493876398	0
-120.37527461256832	-133.8070086548105	0
-120.05374140804633	-133.8150652963668	0
-119.73220820602728	-133.82312193745747	0
-119.37048335256986	-133.83218565629795	0
-119.04895014903741	-133.84024230018258	0
-118.72741694562137	-133.84829893987626	0
-118.40588374243816	-133.8563555777073	0
-118.00396723911399	-133.8664263803512	0
-117.6824340368039	-133.87448302283883	0
-117.32070918317186	-133.8835467416793	0
-116.99917597917374	-133.89160338416696	0
-116.67764277552487	-133.89966002525762	0
-116.31591792305699	-133.90872374735773	0
-115.99438471981557	-133.9167803847231	0
-115.55227656569332	-133.92785826465115	0
-115.15036006114678	-133.93792906403542	0
-114.82882685906952	-133.94598570792004	0
-114.5072936550132	-133.95404234761372	0
-114.14556880266173	-133.96310606831685	0
-113.82403559918748	-133.9711627084762	0
-113.5025023961789	-133.9792193500325	0
-113.10058589151595	-133.98929015174508	0
-112.73886103829136	-133.99835386965424	0
-112.417327833944	-134.00641051260754	0
-112.06750483630458	-134.01516905613244	0
-112.39132685778895	-134.03747740620747	0
-112.71795649657724	-134.0384081909433	0
-113.07177729875548	-134.0393694974482	0
-113.40020747383824	-134.0402545062825	0
-113.72116084292065	-134.04110899567604	0
-114.04141230724053	-134.0419634906575	0
-114.363525343535	-134.04281798144802	0
-114.68554682953982	-134.04367247549817	0
-115.00704951345688	-134.0445269662887	0
-115.36895747255767	-134.04548827186227	0
-115.73101802082965	-134.04644957277924	0
-116.13320918363752	-134.04751768894494	0
-116.45498652639799	-134.04837217973545	0
-116.7767638702062	-134.04922667099163	0
-117.09854121279204	-134.05008116876706	0
-117.4203185585211	-134.0509356581606	0
-117.7420959007577	-134.0517901503481	0
-118.14431758160936	-134.0528582651168	0
-118.46609492372954	-134.05371276009828	0
-118.82809443719452	-134.05467406194657	0
-119.19009394728346	-134.05563536752015	0
-119.59231562685454	-134.0567034794949	0
-119.95431513967924	-134.05766478646547	0
-120.31631465139799	-134.0586260864511	0
-120.63809199573006	-134.0594805800356	0
-121.00009150750702	-134.06044188234955	0
-121.32186884939438	-134.06129637453705	0
-121.68386836146237	-134.06225768104196	0
-122.04586787457811	-134.06321898521855	0
-122.36764521739678	-134.06407347600907	0
-122.76986689789919	-134.06514159217477	0
-123.09164424071787	-134.0659960862249	0
-123.45364375197096	-134.0669573894702	0
-123.8558654320077	-134.06802550284192	0
-124.17756648181239	-134.0688799927011	0
-124.53942866402213	-134.06984129734337	0
-124.86108393914765	-134.0706957904622	0
-125.30335993837798	-134.07187071768567	0
-125.74563593935454	-134.07304564351216	0
-126.06729121360695	-134.07390013616532	0
-126.38894648657879	-134.07475463068113	0
-126.71060176054016	-134.07560912054032	0
-127.11267085146392	-134.0766772357747	0
-127.5549468533718	-134.07785216113552	0
-127.91517634649063	-134.078874503728	0
-128.26298518379917	-134.0738848769106	0
-128.63496394408867	-134.04176512546837	0
-129.0142058863421	-133.9688128521666	0
-129.3317412866163	-133.8992785513401	0
-129.6474608919234	-133.83104124618694	0
-129.96084590099053	-133.76324644871056	0
-130.31449885567417	-133.6867388826795	0
-130.6684875037172	-133.61020079627633	0
-131.02212519798195	-133.53372374456376	0
-131.33653254661476	-133.46573058189824	0
-131.65100092976354	-133.3977374183014	0
-131.96546931535704	-133.3297442519106	0
-132.3978271013475	-133.23625365272164	0
-132.75158686755458	-133.15976134268567	0
-133.14465327357175	-133.07476988481358	0
-133.45910639944486	-133.0067767216824	0
-133.7735595232807	-132.9387835599482	0
-134.12731929094298	-132.8622912489809	0
-134.4417724146624	-132.79429808584973	0
-134.75622554082656	-132.72630491945893	0
-135.2279052278609	-132.62431517615914	0
-135.54235835239524	-132.55632201349363	0
-135.8568114771624	-132.48832884756848	0
-136.1712646021624	-132.4203356844373	0
-136.48571772727882	-132.35234251897782	0
-136.8001708527445	-132.28434935538098	0
-137.11462397832656	-132.2163561899215	0
-137.429077102046	-132.1483630281873	0
-137.74353022803552	-132.08036986133084	0
-138.0579833521624	-132.01237670052797	0
-138.45104975788854	-131.9273852421902	0
-138.8441161660594	-131.8423937871121	0
-139.15856929082656	-131.77440062072128	0
-139.59094233706128	-131.68091002339497	0
-139.9053954607225	-131.61291685700417	0
-140.21984858688666	-131.54492369573563	0
-140.6129149919143	-131.45993224019185	0
-141.00598139927024	-131.37494078604504	0
-141.35974116431316	-131.2984484755434	0
-141.67419429094298	-131.23045531194657	0
-141.98864741559373	-131.1624621488154	0
-142.3031005403609	-131.09446898428723	0
-142.69616694597062	-131.00947752734646	0
-143.0499267121195	-130.9329852196388	0
-143.40368647722062	-130.8564929086715	0
-143.71813960309373	-130.788499744609	0
-144.11120600946015	-130.7035082904622	0
-144.42565913469298	-130.63551512733102	0
-144.78721614013193	-130.55729857366532	0
-145.09719843947096	-130.49063292564824	0
-145.39469905028818	-130.42634764825925	0
-145.7268065942335	-130.35457030218095	0
-146.02272029180313	-130.29059020150453	0
-146.3439788360265	-130.22113219136372	0
-146.69918818672886	-130.14431944629177	0
-147.03065486100968	-130.07266417471692	0
